x y dy
0.0 0.3068976739422392 0.03868419040222493
0.0033444816053511705 0.3046673135573761 0.04758500555652088
0.006688963210702341 0.29620777408932175 0.038198555639155723
0.010033444816053512 0.29288282970068746 0.04107837101148787
0.013377926421404682 0.30200472132358835 0.04153999848185052
0.016722408026755852 0.3029183614487689 0.039935090340764076
0.020066889632107024 0.2961639008979653 0.04106442780784175
0.023411371237458192 0.300471234091056 0.03652896003825794
0.026755852842809364 0.29554779135357384 0.04252986070131405
0.030100334448160536 0.3098832053859189 0.04003087795009719
0.033444816053511704 0.2977295762029824 0.044200941079765105
0.03678929765886287 0.30017314605800993 0.03729076987453358
0.04013377926421405 0.3059341223104239 0.04503183253286942
0.043478260869565216 0.2957656604253045 0.040205462816822975
0.046822742474916385 0.29965636786773064 0.049988688754799275
0.05016722408026756 0.30590356583171796 0.040076558496291916
0.05351170568561873 0.29573284040545716 0.040407286329695806
0.056856187290969896 0.30485253221003145 0.04183695210945416
0.06020066889632107 0.30506988663758916 0.03858162150681502
0.06354515050167224 0.2934795334410183 0.03890668682470023
0.06688963210702341 0.2892885239819696 0.038464075713739415
0.07023411371237458 0.3052212255258107 0.038353892672512185
0.07357859531772575 0.30917430271716784 0.034792051834425256
0.07692307692307693 0.3040773694785286 0.042825430829554215
0.0802675585284281 0.2948569689002554 0.044751067821855124
0.08361204013377926 0.3034638370498747 0.03504148614983001
0.08695652173913043 0.2946351793932625 0.038995687281963926
0.0903010033444816 0.30244392581807233 0.04229974418727445
0.09364548494983277 0.31022769717141 0.04018501718169198
0.09698996655518395 0.29372212355445737 0.04314560294677181
0.10033444816053512 0.3089122664792766 0.03758347375469741
0.10367892976588629 0.3029823416889605 0.0408255322438246
0.10702341137123746 0.3027446538052556 0.03655420189755277
0.11036789297658862 0.2988773919900922 0.03966966664085199
0.11371237458193979 0.3047320716232242 0.041134652481734105
0.11705685618729096 0.2899810999215069 0.03995051492097843
0.12040133779264214 0.29927014661724916 0.03867300761128323
0.12374581939799331 0.3109950084690173 0.03904917842312064
0.12709030100334448 0.31035899852769544 0.03940933197231908
0.13043478260869565 0.3062749553867052 0.0402291386319531
0.13377926421404682 0.3019522053892534 0.03603927939283441
0.13712374581939799 0.3101656379448093 0.03517146620057984
0.14046822742474915 0.3060263911292673 0.04016599298428913
0.14381270903010032 0.3245133534966629 0.04045535271101796
0.1471571906354515 0.3192755755345748 0.041955696081478186
0.1505016722408027 0.35768220476525786 0.030946492310661464
0.15384615384615385 0.38306993893189867 0.03814893619939308
0.15719063545150502 0.4363360629542179 0.04290047331020052
0.1605351170568562 0.5064546367471892 0.047256898687504205
0.16387959866220736 0.5936683972082489 0.03913685065603743
0.16722408026755853 0.6764714681653403 0.032577441600650195
0.1705685618729097 0.7867977869733324 0.03988270571907584
0.17391304347826086 0.8873588098921684 0.03403465017180866
0.17725752508361203 0.9855359515404658 0.04167285858335853
0.1806020066889632 1.0460159825130275 0.049364758275036495
0.18394648829431437 1.0379226887408242 0.042656460980655266
0.18729096989966554 0.962184599532543 0.037603579983741
0.1906354515050167 0.843230095379064 0.03967202683717818
0.1939799331103679 0.6993745933949101 0.03474073030849653
0.19732441471571907 0.5675081243601092 0.04170852702905327
0.20066889632107024 0.45625604619566645 0.03655883552082586
0.2040133779264214 0.38940372061117906 0.03555257895128618
0.20735785953177258 0.3524763119196496 0.03546498481451953
0.21070234113712374 0.31492796492572045 0.031723778414479216
0.2140468227424749 0.3163719043347566 0.04577389557681405
0.21739130434782608 0.30816243804323096 0.04358752775697931
0.22073578595317725 0.3045342050787584 0.03785856630382847
0.22408026755852842 0.29708737423311865 0.03512346930066542
0.22742474916387959 0.31069377219901106 0.030149302699913703
0.23076923076923075 0.30960932986638895 0.04265375823750337
0.23411371237458192 0.314508284163748 0.040159206463798953
0.23745819397993312 0.3059208321724183 0.036650398000253596
0.2408026755852843 0.3036780313538808 0.039725732020395
0.24414715719063546 0.2948915722663278 0.0421215861971573
0.24749163879598662 0.29912920539798576 0.0372941579580143
0.2508361204013378 0.2968109082441057 0.03656217006345162
0.25418060200668896 0.30211945240033056 0.031439935718324305
0.25752508361204013 0.30651533962090094 0.03954728614562503
0.2608695652173913 0.3075914032245098 0.0386745520218464
0.26421404682274247 0.292045993120915 0.04277991864898969
0.26755852842809363 0.29950664068403193 0.041479436230295326
0.2709030100334448 0.3111460204257344 0.03832467907250417
0.27424749163879597 0.31208625897711817 0.03662018238397676
0.27759197324414714 0.31359404478580183 0.044907486233433325
0.2809364548494983 0.3057911054553036 0.04030838639212067
0.2842809364548495 0.3125495779430506 0.03385470546032533
0.28762541806020064 0.31294776683999825 0.03869628844568598
0.2909698996655518 0.30488281250271465 0.03420919246807814
0.294314381270903 0.30326659474337303 0.032647930676043616
0.29765886287625415 0.3117077351878532 0.04191700825451998
0.3010033444816054 0.3004123013863415 0.04834989939619884
0.30434782608695654 0.31454690669894636 0.028533998260581103
0.3076923076923077 0.3065676776305975 0.03530115316903303
0.3110367892976589 0.30968699960780954 0.036784520450617614
0.31438127090301005 0.30949654584699215 0.035517394975439744
0.3177257525083612 0.316503500126087 0.03752031145426498
0.3210702341137124 0.30433229554439234 0.03984345037985436
0.32441471571906355 0.31040137835351783 0.04297759006163817
0.3277591973244147 0.311091956563666 0.04299464910010215
0.3311036789297659 0.31195169718846716 0.04152210485718299
0.33444816053511706 0.3093586445293499 0.04351770952761777
0.3377926421404682 0.3046393347783052 0.03609538169830994
0.3411371237458194 0.31405886327197835 0.03263000462997675
0.34448160535117056 0.311381187261167 0.03704736740628419
0.34782608695652173 0.30437117816515996 0.03944285741246123
0.3511705685618729 0.3027277467974238 0.043907816041270045
0.35451505016722407 0.3139797739966581 0.035366309485098585
0.35785953177257523 0.31689752564113133 0.03733253753789208
0.3612040133779264 0.341509151774521 0.034786906176435074
0.36454849498327757 0.3759694763316807 0.03791548343323203
0.36789297658862874 0.40729876022915895 0.03556718366959481
0.3712374581939799 0.4668426819673165 0.03863877816190968
0.3745819397993311 0.5539081625059097 0.04136490305219964
0.37792642140468224 0.6134938388361144 0.039203131715037406
0.3812709030100334 0.6455396276379507 0.04497216234978012
0.3846153846153846 0.648740487504707 0.037334265106306753
0.3879598662207358 0.6321453014548798 0.048613844553409134
0.391304347826087 0.5705180472177283 0.038772597923777054
0.39464882943143814 0.4998071283268564 0.034392040448365364
0.3979933110367893 0.42609802094241944 0.043009137668477734
0.4013377926421405 0.3834304075714754 0.033866473229663144
0.40468227424749165 0.3484220124784052 0.03842388110073188
0.4080267558528428 0.32375730315205264 0.0434501209980543
0.411371237458194 0.3083125752008785 0.05352852649499761
0.41471571906354515 0.3121754148822476 0.0421510225834719
0.4180602006688963 0.3093944299666077 0.04472806566694393
0.4214046822742475 0.3091999566381921 0.03464583686214699
0.42474916387959866 0.306923246700377 0.040612225837658736
0.4280936454849498 0.30097399756190024 0.037854292916908214
0.431438127090301 0.3041977701296385 0.04575389694744216
0.43478260869565216 0.31060589561535445 0.04392423164155842
0.43812709030100333 0.30429619834625776 0.035025949786051426
0.4414715719063545 0.3048527721249266 0.04000340301186275
0.44481605351170567 0.30193001238355943 0.0455798494951488
0.44816053511705684 0.31939713062963204 0.04486225553095009
0.451505016722408 0.31451363718033665 0.04650482029934535
0.45484949832775917 0.3162208942955117 0.03524127570792412
0.45819397993311034 0.30007996940514386 0.03496237061539343
0.4615384615384615 0.3058287030235874 0.040897681493594774
0.4648829431438127 0.3183042824807335 0.038970746212018154
0.46822742474916385 0.311682158101855 0.035442295022104275
0.47157190635451507 0.3254836699410605 0.03819351388235523
0.47491638795986624 0.3159079160888611 0.04714244344887198
0.4782608695652174 0.31108233892995446 0.03526664050040461
0.4816053511705686 0.30611001005317134 0.043611470691493376
0.48494983277591974 0.31039454062834543 0.04114774448823093
0.4882943143812709 0.3129648050693733 0.04443558206842116
0.4916387959866221 0.30011932598777763 0.03982150170530853
0.49498327759197325 0.3018588800503941 0.03882021469793565
0.4983277591973244 0.30621928623104455 0.039334102870368315
0.5016722408026756 0.31046037775742075 0.036540259975149925
0.5050167224080268 0.31660948136297096 0.04376416474732734
0.5083612040133779 0.31668550506109727 0.04013903887900288
0.5117056856187291 0.31699498223919603 0.041832409237871335
0.5150501672240803 0.3092861370735747 0.03778142041930352
0.5183946488294314 0.31821032500674884 0.04956710588725062
0.5217391304347826 0.307225076484514 0.03580200245581078
0.5250836120401338 0.31015979581336944 0.04190402503841596
0.5284280936454849 0.29780790671466667 0.047299533777527526
0.5317725752508361 0.30622863611461026 0.04344173075566107
0.5351170568561873 0.3153352184288053 0.038762001912566034
0.5384615384615384 0.3087830080489848 0.038632450413101274
0.5418060200668896 0.30076874257457836 0.03791601558719072
0.5451505016722408 0.30703593362973175 0.03750871490292663
0.5484949832775919 0.3042598444306935 0.03997046262084933
0.5518394648829431 0.3092917378452458 0.030253120684715088
0.5551839464882943 0.3151675627343655 0.040670230578853536
0.5585284280936454 0.30766332000649105 0.04086839081075745
0.5618729096989966 0.30339726657489985 0.040560735568578435
0.5652173913043478 0.3091834545947531 0.04314335099300848
0.568561872909699 0.31429797733389647 0.04339499805692447
0.5719063545150501 0.31762159067986045 0.04141426020178092
0.5752508361204013 0.33742803050918085 0.0345700825043508
0.5785953177257525 0.362440830472253 0.03962509957278406
0.5819397993311036 0.387142629663359 0.03401352198859927
0.5852842809364548 0.43478407608823444 0.03922635428605476
0.588628762541806 0.5155189766818995 0.03989270917929562
0.5919732441471571 0.5949736973191331 0.03844654473851091
0.5953177257525083 0.6610308748224728 0.04016324371270465
0.5986622073578595 0.6886651205643848 0.0420196416124865
0.6020066889632107 0.6772889268022821 0.038686948791165056
0.6053511705685619 0.6447238790509193 0.038700119561566264
0.6086956521739131 0.5667983288672842 0.03417404893284449
0.6120401337792643 0.49557230262831836 0.03862657616245366
0.6153846153846154 0.43055756015778845 0.04408318716707928
0.6187290969899666 0.38097763061254836 0.053269516948491406
0.6220735785953178 0.35220881780194757 0.04476207411143938
0.6254180602006689 0.32948970053762067 0.04362990428557063
0.6287625418060201 0.31759569863768367 0.03884832316960764
0.6321070234113713 0.3092996265295753 0.03653554419736424
0.6354515050167224 0.30751800279581226 0.03928589622624178
0.6387959866220736 0.30986633293001264 0.03769055546489845
0.6421404682274248 0.3062880163960218 0.0434266713276705
0.6454849498327759 0.3203997110465101 0.0422018014734283
0.6488294314381271 0.31305671817675335 0.04031183398562587
0.6521739130434783 0.31673130111617664 0.037600216947419426
0.6555183946488294 0.3141756825029267 0.040377624612252506
0.6588628762541806 0.32019330768433707 0.04173333462680517
0.6622073578595318 0.31135406210429095 0.038010282750334995
0.6655518394648829 0.30445946507468896 0.036698650628919055
0.6688963210702341 0.31329516087752074 0.04022815258342113
0.6722408026755853 0.310288043650351 0.043032517893187634
0.6755852842809364 0.3154542822203041 0.039812488660389236
0.6789297658862876 0.3073913908467509 0.03277001913353152
0.6822742474916388 0.3061962383489461 0.037816043091951045
0.68561872909699 0.3113285085365552 0.044539535973306385
0.6889632107023411 0.30399321455001904 0.041127198684969425
0.6923076923076923 0.30913195966966994 0.04257863391480686
0.6956521739130435 0.3114555758135765 0.04439208033895964
0.6989966555183946 0.3212001329573478 0.04046096466629897
0.7023411371237458 0.3139796696513639 0.0373814392500761
0.705685618729097 0.3120594610749344 0.035304160873739554
0.7090301003344481 0.3091776271428877 0.043931525291053666
0.7123745819397993 0.31931037123315664 0.04462532510161335
0.7157190635451505 0.31926172165734035 0.03554086150716504
0.7190635451505016 0.3150815952928803 0.039690582039638385
0.7224080267558528 0.32050162956959943 0.0335842444247824
0.725752508361204 0.3135262631788694 0.04312000952383124
0.7290969899665551 0.3232033338826231 0.04231011354866175
0.7324414715719063 0.3122341033485721 0.04254201590786924
0.7357859531772575 0.3097180797405137 0.03538763162760249
0.7391304347826086 0.3323947332511279 0.03568385875391614
0.7424749163879598 0.32333543031086687 0.03183871033287725
0.745819397993311 0.3214899320004915 0.03664156164969764
0.7491638795986622 0.3113749938435733 0.04018027540026553
0.7525083612040133 0.3139908457303517 0.04027662020599178
0.7558528428093645 0.31835826018396673 0.037004013767172425
0.7591973244147157 0.30361746951038554 0.04203153522459641
0.7625418060200668 0.317235000559659 0.03838236245485796
0.765886287625418 0.30989297785369774 0.04765792732234168
0.7692307692307692 0.31724790668311537 0.038868277280679285
0.7725752508361204 0.3114929948738737 0.04172099091832798
0.7759197324414716 0.31727178346027396 0.03833955214585622
0.7792642140468228 0.31950152779641494 0.03649218797676038
0.782608695652174 0.3125732350164803 0.03564370935817556
0.7859531772575251 0.3233356666505521 0.03160120227888971
0.7892976588628763 0.3125698160327134 0.038874048989049635
0.7926421404682275 0.3099030316782086 0.037943325169562406
0.7959866220735786 0.3147632646349118 0.038612155941870036
0.7993311036789298 0.313596147549883 0.04428963664007156
0.802675585284281 0.3458201865224427 0.04024637985728065
0.8060200668896321 0.3318712132242553 0.041332724188052415
0.8093645484949833 0.362787467860638 0.03645065538008051
0.8127090301003345 0.41644572698573645 0.040097478586435864
0.8160535117056856 0.5180770093727165 0.03836546992440963
0.8193979933110368 0.6496265381851137 0.044772824997072004
0.822742474916388 0.8225148217952468 0.043150130702913056
0.8260869565217391 0.9904373910683986 0.03769764339381562
0.8294314381270903 1.1432706833570305 0.038276475119408564
0.8327759197324415 1.201114290775668 0.03672667464601221
0.8361204013377926 1.1689443866276585 0.04052096940893902
0.8394648829431438 1.0546367394180551 0.04373172403257485
0.842809364548495 0.8747587597728703 0.03576774986123591
0.8461538461538461 0.6982845269166917 0.04154328092649531
0.8494983277591973 0.5496333645093889 0.03810588566170365
0.8528428093645485 0.45002644881293064 0.04112551479718656
0.8561872909698997 0.37923098306648656 0.03911929082050315
0.8595317725752508 0.3535866309558991 0.03908505638794155
0.862876254180602 0.3239857875576788 0.045927489460651
0.8662207357859532 0.32171665296847635 0.04167825521232651
0.8695652173913043 0.31867358148227676 0.04207195962441581
0.8729096989966555 0.31929422890667486 0.03953529106116138
0.8762541806020067 0.31897097227967597 0.035134166042885814
0.8795986622073578 0.31766793929246656 0.04128888796295246
0.882943143812709 0.3281143796167777 0.038799894553233016
0.8862876254180602 0.3250615102967678 0.03933186322873006
0.8896321070234113 0.3183874578877362 0.031510852900076346
0.8929765886287625 0.3085854452789771 0.037166267814819395
0.8963210702341137 0.3180537366721535 0.037952759672886784
0.8996655518394648 0.32611878177116227 0.047704058480074286
0.903010033444816 0.3174439594425913 0.03939105252468874
0.9063545150501672 0.3206826080308588 0.04417271785826023
0.9096989966555183 0.318875243833532 0.03978191510996133
0.9130434782608695 0.3233014226189009 0.028752165466233773
0.9163879598662207 0.32198789536571104 0.0385287945761964
0.9197324414715718 0.3161666975537468 0.03535116281912828
0.923076923076923 0.31174781605927837 0.04048559898087031
0.9264214046822742 0.32065405512792095 0.03586874911267958
0.9297658862876254 0.32779652181930685 0.036941832518743084
0.9331103678929765 0.3080177290705939 0.04329891633002169
0.9364548494983277 0.3229411011064569 0.04133448517366937
0.9397993311036789 0.31999507300339847 0.04275483644552353
0.9431438127090301 0.31966018951256886 0.05021063221210456
0.9464882943143813 0.32315505626923624 0.035309711557739445
0.9498327759197325 0.3154525595647984 0.035515420979064245
0.9531772575250836 0.32143385236074673 0.03688243228623808
0.9565217391304348 0.3242441850424498 0.03423333342977251
0.959866220735786 0.3089016231251781 0.04075263686996754
0.9632107023411371 0.32368637107201287 0.03766039880018624
0.9665551839464883 0.3221733250772912 0.039527308762491276
0.9698996655518395 0.3181355874130977 0.03833026660686924
0.9732441471571907 0.3194420593353407 0.037721072358333115
0.9765886287625418 0.32662090615957745 0.033750638523234136
0.979933110367893 0.32386598582567055 0.0415283447151332
0.9832775919732442 0.3182544566312538 0.04300466004489355
0.9866220735785953 0.30852491684214867 0.03765431444072591
0.9899665551839465 0.3200081056053678 0.03377722833199059
0.9933110367892977 0.31068712419848427 0.036447059087823176
0.9966555183946488 0.31093955469171486 0.04304755257908183
1.0 0.30977215416412834 0.03492348689116137
