x y dy
0.0 0.2989609605033767 0.022540051323992127
0.0033444816053511705 0.3024505046570848 0.018525900159993145
0.006688963210702341 0.29833712741163804 0.017853207629876112
0.010033444816053512 0.30057400137271345 0.02062718213020347
0.013377926421404682 0.29738431145655964 0.019554031800705262
0.016722408026755852 0.2964607874193841 0.018454097914080776
0.020066889632107024 0.30233060999495487 0.020888065542363155
0.023411371237458192 0.3031091765753294 0.02308066652336355
0.026755852842809364 0.3007542565898102 0.021343052435204502
0.030100334448160536 0.30080086629377023 0.018201361886726674
0.033444816053511704 0.29827586819265334 0.01845236449725832
0.03678929765886287 0.30228928097961527 0.01751549298881575
0.04013377926421405 0.29987985458236865 0.018386540149573354
0.043478260869565216 0.3001143844553335 0.02030625531662385
0.046822742474916385 0.3017371296301807 0.018348526011197106
0.05016722408026756 0.303370368783248 0.020310436833582343
0.05351170568561873 0.30475150471722545 0.01733181962815969
0.056856187290969896 0.29846047533983083 0.020144563383022618
0.06020066889632107 0.30260399038161795 0.016735341099580112
0.06354515050167224 0.2991232863608624 0.0194980404327846
0.06688963210702341 0.29866421545463007 0.0197984530061413
0.07023411371237458 0.299919743478409 0.01910287333357194
0.07357859531772575 0.3031152018099901 0.01735047286767684
0.07692307692307693 0.29581158503652166 0.01998581041774126
0.0802675585284281 0.2984693738734096 0.017140707518945985
0.08361204013377926 0.3099530098317272 0.02017908044472582
0.08695652173913043 0.2988715874690527 0.025130327172305643
0.0903010033444816 0.2997564551128069 0.018779321728419864
0.09364548494983277 0.3023220035146467 0.016291093170722134
0.09698996655518395 0.30290614031913615 0.023324712438407422
0.10033444816053512 0.30366516572565094 0.018440729575501493
0.10367892976588629 0.3061352718059872 0.021045696894591723
0.10702341137123746 0.3043457857022198 0.02154286977087512
0.11036789297658862 0.30300840492751796 0.022047313256213952
0.11371237458193979 0.30031977457551656 0.020686434036792864
0.11705685618729096 0.30190920703272306 0.021999481073756273
0.12040133779264214 0.3047655766103933 0.019757821020505283
0.12374581939799331 0.3057521632646705 0.019345604913576103
0.12709030100334448 0.30282482676036065 0.014042884814921372
0.13043478260869565 0.3036307471253219 0.024685736221187474
0.13377926421404682 0.3013311899846051 0.02107136364730687
0.13712374581939799 0.3023714985395081 0.019732320681368362
0.14046822742474915 0.3078547904427167 0.019250518581707548
0.14381270903010032 0.3142639173023238 0.01561772701921423
0.1471571906354515 0.3359223361105436 0.015779043485349597
0.1505016722408027 0.35263787982891537 0.02119364173300997
0.15384615384615385 0.39040497245464506 0.01964422354566078
0.15719063545150502 0.44232889258072516 0.022848528645437037
0.1605351170568562 0.5069503621497258 0.01874623783784867
0.16387959866220736 0.5822488483654499 0.022806028187401777
0.16722408026755853 0.6749242796251156 0.020269422552037855
0.1705685618729097 0.7730019102752647 0.01745333989730743
0.17391304347826086 0.8939825566036794 0.021243663255679876
0.17725752508361203 0.99066348072474 0.018089855306389416
0.1806020066889632 1.0487991407751995 0.018920815082743583
0.18394648829431437 1.042522856901836 0.02070857497545658
0.18729096989966554 0.9748708239725332 0.0185022536737329
0.1906354515050167 0.847645242100955 0.023056594597068405
0.1939799331103679 0.7059674205844388 0.019886643099303943
0.19732441471571907 0.5720062041973075 0.019855131877315513
0.20066889632107024 0.46442130760077904 0.01704538521053841
0.2040133779264214 0.38246337415507997 0.021506413607229324
0.20735785953177258 0.3439587593981513 0.018989599741343528
0.21070234113712374 0.3261622210465079 0.01887042212290572
0.2140468227424749 0.31140494354107245 0.021381087116237818
0.21739130434782608 0.30752332128400023 0.020495939210586716
0.22073578595317725 0.30116924213017093 0.020816195531497723
0.22408026755852842 0.3049558776396293 0.021178459579547903
0.22742474916387959 0.30445832101264325 0.01957938819780699
0.23076923076923075 0.3040245192600686 0.01748682458781507
0.23411371237458192 0.3054708868204575 0.019982340875672983
0.23745819397993312 0.30252629352010557 0.018624864102147115
0.2408026755852843 0.30365199047437097 0.02397522896350634
0.24414715719063546 0.30686223629351395 0.019935375259629195
0.24749163879598662 0.30245458241477013 0.01844646789598777
0.2508361204013378 0.3045804736438751 0.02121113234375968
0.25418060200668896 0.29938085922291896 0.02093736873577328
0.25752508361204013 0.30417070000167756 0.01697393486573167
0.2608695652173913 0.3097844908176024 0.014988393558738145
0.26421404682274247 0.30818933806879917 0.018938716656094444
0.26755852842809363 0.3087916920730429 0.018117078258686626
0.2709030100334448 0.3057192933892532 0.020350003296361788
0.27424749163879597 0.3024915099244362 0.01911461066659577
0.27759197324414714 0.30732317710191287 0.020688269604140188
0.2809364548494983 0.30748537451008545 0.019449197290341915
0.2842809364548495 0.302086074805732 0.023019196720578856
0.28762541806020064 0.3127753614907323 0.01677013821830016
0.2909698996655518 0.30691270514096897 0.014690514478363108
0.294314381270903 0.3074440755584641 0.018223505973009303
0.29765886287625415 0.3020179395168704 0.01709867676467373
0.3010033444816054 0.30574034018258217 0.018817216177323924
0.30434782608695654 0.3008073403141076 0.020510069663564463
0.3076923076923077 0.3064311537765276 0.02073295943890886
0.3110367892976589 0.30638778335641725 0.0204741029611162
0.31438127090301005 0.30486635398638107 0.019631596907135652
0.3177257525083612 0.30112213126603343 0.019123929501359768
0.3210702341137124 0.3058304039123268 0.018910983072511205
0.32441471571906355 0.30407684289874737 0.01982882417015878
0.3277591973244147 0.3056816424195978 0.02072348745166432
0.3311036789297659 0.3054225289822274 0.018551946264306896
0.33444816053511706 0.3128068749323492 0.019323661920600147
0.3377926421404682 0.3054889738728159 0.021400282731306876
0.3411371237458194 0.30847665776443145 0.020268226189275845
0.34448160535117056 0.30581413817575004 0.024207823826295403
0.34782608695652173 0.30782357109324215 0.019840272022495817
0.3511705685618729 0.30884642135055096 0.018810956068425633
0.35451505016722407 0.31606228314279156 0.01704912450186749
0.35785953177257523 0.32183730320896137 0.019708582004001808
0.3612040133779264 0.3399938996394157 0.022076460116133602
0.36454849498327757 0.3650520762018699 0.01817290498662337
0.36789297658862874 0.4088572524977678 0.018630380057729212
0.3712374581939799 0.4749213464974636 0.019247912369631557
0.3745819397993311 0.5480856382368507 0.015328420376137809
0.37792642140468224 0.610187962957567 0.013562091249933
0.3812709030100334 0.6500181917624573 0.0191603579848401
0.3846153846153846 0.6573181443158213 0.021452802370545
0.3879598662207358 0.6199349907302254 0.020361678931297488
0.391304347826087 0.5607244895006793 0.0216737836625036
0.39464882943143814 0.49143773409971203 0.01936520821733538
0.3979933110367893 0.4268132748355877 0.01820268845306592
0.4013377926421405 0.37415185081451163 0.021157191722663414
0.40468227424749165 0.3394175218142331 0.02041704406469561
0.4080267558528428 0.32061390136686013 0.021925488689437216
0.411371237458194 0.3145009992012342 0.021653676569442167
0.41471571906354515 0.31267564068699094 0.019896258329071357
0.4180602006688963 0.3131561056414429 0.022969202563310916
0.4214046822742475 0.30950795731883657 0.019084172679307853
0.42474916387959866 0.3088513166310855 0.017945745725908777
0.4280936454849498 0.3120905661359993 0.017950222883588583
0.431438127090301 0.30678878143041927 0.020143537037620163
0.43478260869565216 0.31063994204414613 0.01797231214930689
0.43812709030100333 0.3049441654262114 0.018042965993388255
0.4414715719063545 0.30870594063407814 0.017174568599054682
0.44481605351170567 0.30610319937686703 0.015493803183287858
0.44816053511705684 0.30372423182683034 0.021043538438696278
0.451505016722408 0.3098409348839916 0.022037401686359658
0.45484949832775917 0.3095809830381824 0.01811382705983103
0.45819397993311034 0.3101297720863305 0.017390686996337727
0.4615384615384615 0.309934780103201 0.018626810110564083
0.4648829431438127 0.3079567029376999 0.021933630068649054
0.46822742474916385 0.3126102384916075 0.018279353801228703
0.47157190635451507 0.3113105109729698 0.020995757737387974
0.47491638795986624 0.31429668338609024 0.0160369024982022
0.4782608695652174 0.3077180668910512 0.02476870949426537
0.4816053511705686 0.30658954654606385 0.019796388291978002
0.48494983277591974 0.3076324792300494 0.019115668652641037
0.4882943143812709 0.31099236057775126 0.023006930846996104
0.4916387959866221 0.30690529326082855 0.02293178056461032
0.49498327759197325 0.3077642009514757 0.022945117176432522
0.4983277591973244 0.3070783711285758 0.021715323390693337
0.5016722408026756 0.3123609218282195 0.01636738447186734
0.5050167224080268 0.3089130051322228 0.016899449912488703
0.5083612040133779 0.30973480319618574 0.022095769947747906
0.5117056856187291 0.3114942193890428 0.018396043049049238
0.5150501672240803 0.30567183915524226 0.018244149831345292
0.5183946488294314 0.3104228492474706 0.020196476927996972
0.5217391304347826 0.30991834717291167 0.01659136953049611
0.5250836120401338 0.31215934674972384 0.019655995241011366
0.5284280936454849 0.30784580973691705 0.018868928248665442
0.5317725752508361 0.3120774802455678 0.02057555683468171
0.5351170568561873 0.3094023426566601 0.018934049093536458
0.5384615384615384 0.30701338718954535 0.020242902073051773
0.5418060200668896 0.31195092103278194 0.021113810477664065
0.5451505016722408 0.3089026151614382 0.021750404083419304
0.5484949832775919 0.309837835764015 0.020486518213140573
0.5518394648829431 0.30924619475429077 0.024355673098441045
0.5551839464882943 0.3106314631455711 0.02058887038191106
0.5585284280936454 0.3114858946030971 0.022429464819286263
0.5618729096989966 0.31355791791242543 0.020706633936948323
0.5652173913043478 0.3092261532906099 0.01987611543123882
0.568561872909699 0.3136293728974107 0.020476788937140566
0.5719063545150501 0.31735309069438816 0.019375503461942292
0.5752508361204013 0.32673472678601045 0.02592272332316078
0.5785953177257525 0.34874278594580305 0.020000121157549306
0.5819397993311036 0.3861192599269821 0.02151253503459261
0.5852842809364548 0.4361881117301317 0.02315104074175352
0.588628762541806 0.5077520766427882 0.018713335392506802
0.5919732441471571 0.5860472523658007 0.022991455255492496
0.5953177257525083 0.6542563185011261 0.018165490446697647
0.5986622073578595 0.6863785292300248 0.01932972331643046
0.6020066889632107 0.6843067255754053 0.021454490832634267
0.6053511705685619 0.6393375086142514 0.013684351119727732
0.6086956521739131 0.5756280573025804 0.017420851247216946
0.6120401337792643 0.4967366547460742 0.019220575049083338
0.6153846153846154 0.4308134887316107 0.01686796312377704
0.6187290969899666 0.38023890269257465 0.014078842918327911
0.6220735785953178 0.3447838894310739 0.017621968817412865
0.6254180602006689 0.3236703339092674 0.022775061592789775
0.6287625418060201 0.31893917321619153 0.02066427737830838
0.6321070234113713 0.31356221693861114 0.020507636552072515
0.6354515050167224 0.3161759483632982 0.019654581443449993
0.6387959866220736 0.3086542406273745 0.019711969148188322
0.6421404682274248 0.31523020021212406 0.01777997080696543
0.6454849498327759 0.31092375249878396 0.021005029942296718
0.6488294314381271 0.3172902329027718 0.021885113319783194
0.6521739130434783 0.30919791328737195 0.018905414252595492
0.6555183946488294 0.30993781907950263 0.016872667482378638
0.6588628762541806 0.31404566760514707 0.016511466483540755
0.6622073578595318 0.3146483895470506 0.020212651468894612
0.6655518394648829 0.31328692374684414 0.022328733966781797
0.6688963210702341 0.3124704279855872 0.01969800920298485
0.6722408026755853 0.3082528191246013 0.019420454151338654
0.6755852842809364 0.30939303992859146 0.01950981436261461
0.6789297658862876 0.30926223107248396 0.017860480890916405
0.6822742474916388 0.3187114495092947 0.022062444492109853
0.68561872909699 0.3065543611054351 0.020878622450480097
0.6889632107023411 0.31359853691224004 0.014644108178899851
0.6923076923076923 0.31162918318056576 0.023220431077759954
0.6956521739130435 0.3150257494283261 0.019296696953956548
0.6989966555183946 0.31467856049200704 0.016657644996328443
0.7023411371237458 0.3159742461507074 0.023075682012661757
0.705685618729097 0.31693927075123624 0.016250443449291135
0.7090301003344481 0.3140505626799926 0.019144195778375468
0.7123745819397993 0.3163594243539927 0.020534786746482393
0.7157190635451505 0.31495896238217935 0.01743545576168908
0.7190635451505016 0.3151353756590786 0.018843647180833208
0.7224080267558528 0.3157259085951118 0.02258974046122843
0.725752508361204 0.3174783855698548 0.014924257102364077
0.7290969899665551 0.31354096028628653 0.018063213952924668
0.7324414715719063 0.31333739685295475 0.020113460419622406
0.7357859531772575 0.31404826529551544 0.017870443113617653
0.7391304347826086 0.3130789644755599 0.018925362542830247
0.7424749163879598 0.31218339406662143 0.020011819207442372
0.745819397993311 0.31293443116602476 0.022200476397993586
0.7491638795986622 0.31500806652523816 0.01945095047461241
0.7525083612040133 0.3173170600532225 0.02029515177298485
0.7558528428093645 0.3131798709663277 0.0171356524958656
0.7591973244147157 0.320502259536087 0.020506930057829536
0.7625418060200668 0.30873853474533003 0.021283909107925242
0.765886287625418 0.31578388480347425 0.018515987282633553
0.7692307692307692 0.3158508128508013 0.019091589800951853
0.7725752508361204 0.3141155592094132 0.018497407252935794
0.7759197324414716 0.31109424186806195 0.020606491018913115
0.7792642140468228 0.32073365721666364 0.018571382944412268
0.782608695652174 0.3138168818837013 0.021205208739152683
0.7859531772575251 0.3110533316306223 0.01864231744718967
0.7892976588628763 0.31797235912598437 0.018551697943327554
0.7926421404682275 0.3209105180817152 0.020540053006551495
0.7959866220735786 0.3130603656225039 0.01983523740095413
0.7993311036789298 0.3164153207147604 0.02119132570390194
0.802675585284281 0.3304671004303526 0.01921477569348104
0.8060200668896321 0.3420465816389682 0.02096964608400862
0.8093645484949833 0.3692584918081239 0.01925800435964459
0.8127090301003345 0.42000992257416814 0.020187308803490112
0.8160535117056856 0.5139589731659914 0.021116170643514245
0.8193979933110368 0.6535739328397376 0.020692143350942153
0.822742474916388 0.8240900587331965 0.020170820296883128
0.8260869565217391 1.0033995933067519 0.021057114246976264
0.8294314381270903 1.137702939753626 0.02074006582052626
0.8327759197324415 1.2062363248588037 0.021111080906579687
0.8361204013377926 1.174776182524677 0.018012442782759104
0.8394648829431438 1.055892759667896 0.019915229190020953
0.842809364548495 0.8833256518208362 0.021014658671452583
0.8461538461538461 0.7139851046416534 0.018678052371167694
0.8494983277591973 0.557753419449643 0.020862370866144044
0.8528428093645485 0.4486689920815186 0.020613535678692146
0.8561872909698997 0.37954599548896917 0.02263497151578048
0.8595317725752508 0.342408518839863 0.01936176261978641
0.862876254180602 0.3258398116916071 0.016304060985696544
0.8662207357859532 0.321742626547071 0.021744992564313007
0.8695652173913043 0.32082099338129394 0.01876960084391692
0.8729096989966555 0.318496797610778 0.015991352452188634
0.8762541806020067 0.31455763643440965 0.021308905821508323
0.8795986622073578 0.315913735296464 0.019574858905117547
0.882943143812709 0.3216698104727296 0.017672309290150925
0.8862876254180602 0.31855274692771074 0.01720562676107998
0.8896321070234113 0.31767780397028444 0.022778945171622485
0.8929765886287625 0.31180516707677375 0.021714225316801995
0.8963210702341137 0.31328721976100943 0.02028818562252179
0.8996655518394648 0.323711516127014 0.021959905129996658
0.903010033444816 0.3232740723652594 0.019852631635144512
0.9063545150501672 0.3159236242434604 0.022977007240491506
0.9096989966555183 0.31823132549304484 0.015982580279360167
0.9130434782608695 0.3128752233050605 0.01970329334585266
0.9163879598662207 0.3199288223995638 0.019783770251692753
0.9197324414715718 0.317173954898233 0.017454779850958977
0.923076923076923 0.3226679343207296 0.017195107439790937
0.9264214046822742 0.3207385674613624 0.020186230617525232
0.9297658862876254 0.3162635061194796 0.017006967114212013
0.9331103678929765 0.3206704218887398 0.020130661539964966
0.9364548494983277 0.3187022329111507 0.022481874258280857
0.9397993311036789 0.321289661245316 0.020710244153154884
0.9431438127090301 0.3193932617293172 0.02005910846975807
0.9464882943143813 0.3188549455341652 0.017571509242964665
0.9498327759197325 0.3183014405571815 0.01959525815887597
0.9531772575250836 0.31874309364317793 0.01958297230241788
0.9565217391304348 0.3201986866738076 0.0180377316677333
0.959866220735786 0.3169668437777548 0.02069400249122397
0.9632107023411371 0.3190711979560924 0.017643778106929978
0.9665551839464883 0.32028957531202934 0.017786444191159503
0.9698996655518395 0.3198183780114984 0.018926810682851757
0.9732441471571907 0.3185018537642976 0.017089906338042457
0.9765886287625418 0.316981209972044 0.019333004967969622
0.979933110367893 0.32006286907922976 0.020975798502410922
0.9832775919732442 0.3215521084780138 0.0219594461405252
0.9866220735785953 0.3239064337214969 0.019635216586337007
0.9899665551839465 0.32318157075230686 0.01715798468490185
0.9933110367892977 0.31714195512266985 0.021550651322055657
0.9966555183946488 0.31965423558422307 0.02090398488387008
1.0 0.3174444773464636 0.019751776704414154
