x y dy
0.0 0.2846645589584943 0.08375181384915649
0.0033444816053511705 0.28427996629720714 0.07627227258570447
0.006688963210702341 0.309968156297193 0.0650575589440447
0.010033444816053512 0.3161887536947111 0.07940214030115941
0.013377926421404682 0.3145741048940972 0.08845234400465103
0.016722408026755852 0.311695352728395 0.08558673414048087
0.020066889632107024 0.28706292764530567 0.07053543666977552
0.023411371237458192 0.32250115609275065 0.0839945160951568
0.026755852842809364 0.28652813352266066 0.08287299004440644
0.030100334448160536 0.3117413854730609 0.08386680655619487
0.033444816053511704 0.3013440202162909 0.06314701779704987
0.03678929765886287 0.2943757891566108 0.07236528312319906
0.04013377926421405 0.28821104731629416 0.07999661892994213
0.043478260869565216 0.282286284488058 0.07482533312907154
0.046822742474916385 0.28862912559614 0.08936594789821138
0.05016722408026756 0.32650945272388243 0.0844051310904444
0.05351170568561873 0.2911311034557162 0.07178779865747546
0.056856187290969896 0.3138620736319055 0.09444351826756213
0.06020066889632107 0.29942204641326486 0.07890656665114745
0.06354515050167224 0.31486252910373297 0.08913459351231029
0.06688963210702341 0.30242950940343855 0.08443327513499208
0.07023411371237458 0.3076514142877552 0.06946239198266133
0.07357859531772575 0.29967776795139367 0.08560506067148889
0.07692307692307693 0.3023955553921593 0.08882749131061643
0.0802675585284281 0.2914412375004181 0.0821289773238524
0.08361204013377926 0.326545288994301 0.06912177713072801
0.08695652173913043 0.30836868072283286 0.0655258818791029
0.0903010033444816 0.32989231334886454 0.0806050841205083
0.09364548494983277 0.293431499890205 0.08450334191341397
0.09698996655518395 0.3129367523875493 0.07295906306368768
0.10033444816053512 0.30997210816219406 0.086692516095574
0.10367892976588629 0.3124637618516442 0.08119409174937378
0.10702341137123746 0.29714191592271433 0.08932820040984411
0.11036789297658862 0.3015509600179927 0.07346413553327527
0.11371237458193979 0.2939874718325418 0.08060572921904478
0.11705685618729096 0.29633060997969685 0.07744401639080231
0.12040133779264214 0.2962324925003561 0.07611334270172422
0.12374581939799331 0.3058434658984487 0.08878461682644279
0.12709030100334448 0.2769597416785522 0.08145341444700756
0.13043478260869565 0.27980192065525844 0.07973883069649643
0.13377926421404682 0.3038052211615693 0.07506869218498152
0.13712374581939799 0.31575474497617845 0.06734729759052108
0.14046822742474915 0.30589852423765995 0.08114737276873864
0.14381270903010032 0.30760222630706413 0.07160783742525137
0.1471571906354515 0.3256865333934871 0.0760935202314768
0.1505016722408027 0.3570834713814021 0.07753198526212667
0.15384615384615385 0.38573315706443106 0.08503308524408822
0.15719063545150502 0.4493956827901177 0.0791135457073463
0.1605351170568562 0.5029957350423205 0.07939375049921346
0.16387959866220736 0.5676478763624915 0.08155872049596259
0.16722408026755853 0.6489230253344749 0.0770776335670022
0.1705685618729097 0.7867582002575569 0.0874074576948628
0.17391304347826086 0.9081418070958466 0.08212491558113952
0.17725752508361203 0.97456482737773 0.0746939636919482
0.1806020066889632 1.0531757441013527 0.08846661441515229
0.18394648829431437 1.0391635900868028 0.08335060975769902
0.18729096989966554 0.9647274594894375 0.08029894838370476
0.1906354515050167 0.8678489382760444 0.08066129256871701
0.1939799331103679 0.700451794312171 0.08230021187857664
0.19732441471571907 0.563161443509151 0.08464720122427963
0.20066889632107024 0.46039697658316386 0.07183098018179193
0.2040133779264214 0.3878838557678859 0.07816993840052743
0.20735785953177258 0.3487484825497484 0.0707579890852895
0.21070234113712374 0.3183950644996446 0.07893066820034353
0.2140468227424749 0.30832267772479477 0.0780573687116489
0.21739130434782608 0.31176701775683074 0.07140434576513445
0.22073578595317725 0.3139456831994529 0.0923177943613259
0.22408026755852842 0.29503280147235517 0.06716600140368026
0.22742474916387959 0.30015630736365884 0.07516947538029355
0.23076923076923075 0.2974103250135144 0.08445695164013056
0.23411371237458192 0.3212423020692071 0.08434831623658359
0.23745819397993312 0.29620560047035555 0.07789926913929895
0.2408026755852843 0.27554679120289327 0.09731183653462695
0.24414715719063546 0.3270188541455104 0.08158965380812114
0.24749163879598662 0.3188445017344325 0.09063496628030521
0.2508361204013378 0.29764000702407634 0.06888906451232256
0.25418060200668896 0.31399618580618865 0.08915860823844231
0.25752508361204013 0.315719021223564 0.07400229363853932
0.2608695652173913 0.2979386737804649 0.0825711680313113
0.26421404682274247 0.3133823420587404 0.08313493292498172
0.26755852842809363 0.2976378165598284 0.07046623633604787
0.2709030100334448 0.31562669599956633 0.065035188652693
0.27424749163879597 0.2998993506230228 0.07418027701170203
0.27759197324414714 0.29918790846031046 0.08138089962315213
0.2809364548494983 0.3224597916386267 0.08394365918103706
0.2842809364548495 0.3106658701032654 0.07754148689463311
0.28762541806020064 0.31443542017361925 0.07668893246803285
0.2909698996655518 0.30463001277783663 0.07121759474912856
0.294314381270903 0.3197463249771072 0.08005273935212648
0.29765886287625415 0.30192512215504297 0.0801665114897625
0.3010033444816054 0.2864929609620781 0.08549755321112161
0.30434782608695654 0.3089628418337357 0.07716400780789998
0.3076923076923077 0.3100741245345357 0.0740438719623194
0.3110367892976589 0.320742902303874 0.062365968922755824
0.31438127090301005 0.3091971103772795 0.08951146961758408
0.3177257525083612 0.29698499279377566 0.0843241586040023
0.3210702341137124 0.29398548707019323 0.07567585457776584
0.32441471571906355 0.30772135007215484 0.06980439805924776
0.3277591973244147 0.31293393544439163 0.07175301419700734
0.3311036789297659 0.3105795065191256 0.0914984790220678
0.33444816053511706 0.2855904207415341 0.08359722171267892
0.3377926421404682 0.3010727773614622 0.0769404737225254
0.3411371237458194 0.3074096492324679 0.07036165318820367
0.34448160535117056 0.3079224013651733 0.07619429011411019
0.34782608695652173 0.31170765192631317 0.0748495213847366
0.3511705685618729 0.30388932236302074 0.09647071586463432
0.35451505016722407 0.31248489358941733 0.06793959592315109
0.35785953177257523 0.333061079642165 0.09320870111318225
0.3612040133779264 0.33481511501302363 0.0784167487186744
0.36454849498327757 0.36218111840257267 0.08250215702563404
0.36789297658862874 0.3995656119022656 0.08262240399802953
0.3712374581939799 0.4692921770731568 0.07330177288128936
0.3745819397993311 0.5288713596678241 0.0745250445747579
0.37792642140468224 0.6040642061279609 0.06965107783280819
0.3812709030100334 0.649532499977863 0.0663637851730601
0.3846153846153846 0.6647127219687075 0.09193965346847599
0.3879598662207358 0.6158244527611945 0.059555412542137524
0.391304347826087 0.55616566716985 0.08577251314581553
0.39464882943143814 0.5019113419659309 0.06336447239851445
0.3979933110367893 0.41965154214603556 0.09415467839791307
0.4013377926421405 0.3608973826254827 0.07574171280594638
0.40468227424749165 0.34756469935311957 0.07754653877969107
0.4080267558528428 0.3242587548633881 0.060919314597358505
0.411371237458194 0.30176990748650395 0.09043021822121335
0.41471571906354515 0.30967392236152835 0.0760047653128664
0.4180602006688963 0.31483825125264 0.0807252525313142
0.4214046822742475 0.304701437336158 0.07190703338380672
0.42474916387959866 0.30652372554877644 0.07814276422510424
0.4280936454849498 0.3149352391896354 0.059435183014577224
0.431438127090301 0.3004925905153243 0.0732424209461836
0.43478260869565216 0.30886501005929484 0.08356779288010716
0.43812709030100333 0.296761901999574 0.08101528370386611
0.4414715719063545 0.2970805824591414 0.09623141455409043
0.44481605351170567 0.3218735771792102 0.08001820790389626
0.44816053511705684 0.30627872765361525 0.080696519682426
0.451505016722408 0.3034976047400049 0.0770304843800629
0.45484949832775917 0.2978608743158397 0.07782693370060549
0.45819397993311034 0.3010261072348728 0.08087569183986197
0.4615384615384615 0.2906183176242532 0.061593270578071714
0.4648829431438127 0.32709666308550495 0.08134540611468526
0.46822742474916385 0.3144964924292314 0.08897653145408772
0.47157190635451507 0.3024422356512176 0.06935010888846413
0.47491638795986624 0.30329249043601403 0.08206115637941215
0.4782608695652174 0.3033450418420605 0.05619285570639722
0.4816053511705686 0.28954628727536535 0.07254195094719941
0.48494983277591974 0.31989636201673927 0.08621949735226511
0.4882943143812709 0.30211120856462 0.07264713924161469
0.4916387959866221 0.295307599044473 0.08856838350730512
0.49498327759197325 0.3032066138144567 0.08977631141694399
0.4983277591973244 0.32302852288339734 0.08446081508883517
0.5016722408026756 0.3250657773578679 0.07868285896068561
0.5050167224080268 0.31240701554811173 0.09225726717531756
0.5083612040133779 0.3140829384849022 0.07698718820946611
0.5117056856187291 0.3081590946672004 0.07216170852090208
0.5150501672240803 0.30729072770140464 0.06783275166868762
0.5183946488294314 0.3045898943188858 0.09102300367510441
0.5217391304347826 0.29569321548601113 0.08953785926281861
0.5250836120401338 0.29611557307761843 0.08234361436141005
0.5284280936454849 0.3189999871493383 0.07330588537781292
0.5317725752508361 0.3082880640112743 0.07320269583329939
0.5351170568561873 0.3005396427080467 0.07868710663758616
0.5384615384615384 0.3106294112986109 0.08375527682120466
0.5418060200668896 0.3090100492769513 0.08218784701527011
0.5451505016722408 0.3241160769792654 0.08201770824377072
0.5484949832775919 0.3012036714672351 0.08268886093054673
0.5518394648829431 0.3058426183497903 0.08007958704280001
0.5551839464882943 0.30416724183285476 0.08243418079012883
0.5585284280936454 0.28358276584025516 0.08696538896658676
0.5618729096989966 0.3033001146227464 0.06697261154584971
0.5652173913043478 0.31606763019645084 0.06868585002246821
0.568561872909699 0.3104970117824776 0.08004384552763452
0.5719063545150501 0.3172369400736013 0.07882341397604305
0.5752508361204013 0.3435464655128176 0.07618933863420811
0.5785953177257525 0.33525884352809565 0.08042414951224604
0.5819397993311036 0.3892313560544791 0.07184489886140875
0.5852842809364548 0.4401593128486173 0.06388523165309787
0.588628762541806 0.5066786670598377 0.08694719987981804
0.5919732441471571 0.5949639250783122 0.09035253802365867
0.5953177257525083 0.6528555555138348 0.08145580002292248
0.5986622073578595 0.6947407009509458 0.07972082148419427
0.6020066889632107 0.6839863756125613 0.08075611405534157
0.6053511705685619 0.6418363006941936 0.09760728699962455
0.6086956521739131 0.587364194873392 0.08320996532278462
0.6120401337792643 0.5112809176237194 0.08572714931966918
0.6153846153846154 0.4311354630536547 0.07130208230939897
0.6187290969899666 0.36732199265919896 0.07417879541814004
0.6220735785953178 0.34764516122900213 0.08933519030258519
0.6254180602006689 0.3280364014492212 0.06406632581671902
0.6287625418060201 0.3187193576439248 0.07152531384318897
0.6321070234113713 0.3004732113047261 0.07962148528973435
0.6354515050167224 0.3097277039031979 0.06390990083778579
0.6387959866220736 0.3201513630590674 0.09514387602051014
0.6421404682274248 0.29708196570982964 0.09368313666221037
0.6454849498327759 0.3126339581901175 0.06280326299477411
0.6488294314381271 0.32641617713945953 0.07895072324724521
0.6521739130434783 0.29938055530305474 0.07591062798996785
0.6555183946488294 0.31824167496331845 0.07348933842017981
0.6588628762541806 0.32682301317254114 0.06950943788509646
0.6622073578595318 0.29121322986250325 0.07791843914065767
0.6655518394648829 0.2917064665394665 0.07951985120182835
0.6688963210702341 0.3111099588732536 0.08291207026783298
0.6722408026755853 0.30769321716348286 0.06900433840091398
0.6755852842809364 0.33055027903695283 0.06928054842005398
0.6789297658862876 0.3209402357903732 0.08440169190600595
0.6822742474916388 0.32735656980381767 0.07857278540802788
0.68561872909699 0.3008787539442526 0.08289215368708124
0.6889632107023411 0.3097900657127452 0.07985303316241943
0.6923076923076923 0.32146107587357575 0.08368482006219916
0.6956521739130435 0.3209480275031437 0.08248668611154088
0.6989966555183946 0.32027218429045184 0.0809599309410186
0.7023411371237458 0.3164092360792988 0.07313554562045203
0.705685618729097 0.3041331445660162 0.09018199558811285
0.7090301003344481 0.3168160001910775 0.072948445367033
0.7123745819397993 0.32184591985248595 0.06861094736524315
0.7157190635451505 0.30555709632611583 0.06319179719077493
0.7190635451505016 0.3104515582566896 0.08485873375192786
0.7224080267558528 0.3129223418481647 0.07742159277411081
0.725752508361204 0.3223715771317843 0.07448325882172337
0.7290969899665551 0.3014640570257834 0.06935072042387921
0.7324414715719063 0.3096412630818175 0.06752051610546242
0.7357859531772575 0.31100819312903843 0.08253306946819562
0.7391304347826086 0.32487008488226543 0.0930226232306921
0.7424749163879598 0.3205621411497955 0.09028784187805684
0.745819397993311 0.3183682842175288 0.05980081060691708
0.7491638795986622 0.31428919777522685 0.08798710847672014
0.7525083612040133 0.31043439281551694 0.07354711024989753
0.7558528428093645 0.32229590865912455 0.08355677595356835
0.7591973244147157 0.3238620415593385 0.08236827220913027
0.7625418060200668 0.32652433501368355 0.06959712208498989
0.765886287625418 0.3192236351206607 0.06154179933137496
0.7692307692307692 0.3421886379110136 0.07759847908053806
0.7725752508361204 0.3074131861317655 0.06672201746641009
0.7759197324414716 0.3377818667703554 0.08115251909684947
0.7792642140468228 0.2999039220410577 0.0740636484951038
0.782608695652174 0.2987178380727941 0.07384228352597795
0.7859531772575251 0.3254012567805173 0.07198052418091168
0.7892976588628763 0.3231732509853639 0.08522451571064528
0.7926421404682275 0.30417600170941095 0.07319181792950144
0.7959866220735786 0.28774777663404055 0.06808444350636098
0.7993311036789298 0.31403873652266 0.07914268342449712
0.802675585284281 0.3481619126063869 0.07303013480498007
0.8060200668896321 0.34428923472589706 0.07495037456499665
0.8093645484949833 0.374891856918282 0.06802438883660343
0.8127090301003345 0.41241389952549057 0.0777891597505573
0.8160535117056856 0.5151794652642213 0.0775828117701015
0.8193979933110368 0.6731494492064047 0.0927348055212571
0.822742474916388 0.8459162662517268 0.08855024877831082
0.8260869565217391 1.0177251817627513 0.07825642501153579
0.8294314381270903 1.1362545168737437 0.07593049369912008
0.8327759197324415 1.216012337522655 0.08202731701067552
0.8361204013377926 1.175567536377781 0.07704396986830657
0.8394648829431438 1.069472589755759 0.10255355921374802
0.842809364548495 0.887040332547336 0.06774386711727066
0.8461538461538461 0.693291573876872 0.06420760160267272
0.8494983277591973 0.5691746211913267 0.08443383911816531
0.8528428093645485 0.4553841567325657 0.07552629489147619
0.8561872909698997 0.40416461405315596 0.09038534550253835
0.8595317725752508 0.34915162888151147 0.08188444498578949
0.862876254180602 0.3312679918339885 0.07529553723406868
0.8662207357859532 0.3218707498005311 0.08229807427569275
0.8695652173913043 0.3310660758824404 0.07129271144863729
0.8729096989966555 0.31829290720531367 0.07907825781901846
0.8762541806020067 0.32846003891346043 0.07598151735216578
0.8795986622073578 0.32367662141806164 0.08848700150087481
0.882943143812709 0.324005085784066 0.08068404395430201
0.8862876254180602 0.3098342244133814 0.07926637460556579
0.8896321070234113 0.3156751397861714 0.08173430028168097
0.8929765886287625 0.3407086579533283 0.07416586477743672
0.8963210702341137 0.3140383830213784 0.06976312721446909
0.8996655518394648 0.3173220716888345 0.07578704786913223
0.903010033444816 0.33086424069581805 0.08621595121797465
0.9063545150501672 0.304888309128537 0.07169792364212557
0.9096989966555183 0.3296707590700404 0.08117525476568854
0.9130434782608695 0.3099662152611517 0.09565720725449431
0.9163879598662207 0.32987032460418847 0.07272214178199718
0.9197324414715718 0.3404923141848071 0.08905910248682385
0.923076923076923 0.3357373917200559 0.08039950215846314
0.9264214046822742 0.33066763319032977 0.07303054112110806
0.9297658862876254 0.2939235789129529 0.09216941769523206
0.9331103678929765 0.31642902522812194 0.06856242586797927
0.9364548494983277 0.3436901202630459 0.0890235733800696
0.9397993311036789 0.32434523084448325 0.08274187171246193
0.9431438127090301 0.31210299291225335 0.07289242670980713
0.9464882943143813 0.3209729282873636 0.0749406628068737
0.9498327759197325 0.3129378463327287 0.07960075774743704
0.9531772575250836 0.32800370988898236 0.0656688049988264
0.9565217391304348 0.3055680813758045 0.07979901223501669
0.959866220735786 0.3283506037952919 0.081633383267676
0.9632107023411371 0.3258810564133372 0.08375618180494881
0.9665551839464883 0.3040506141790304 0.07051880019676343
0.9698996655518395 0.29544023598299135 0.06746634883589364
0.9732441471571907 0.3181742855308912 0.08445122599085737
0.9765886287625418 0.3273743272522502 0.08402923739779346
0.979933110367893 0.3108948880629445 0.07967193203085889
0.9832775919732442 0.333111069387062 0.06492142097877437
0.9866220735785953 0.3186223891940594 0.08910595084051585
0.9899665551839465 0.3079764565374123 0.08979518912385095
0.9933110367892977 0.2958957885301538 0.07378006317176991
0.9966555183946488 0.3026349409505003 0.08868857363895512
1.0 0.3383880087207464 0.07629497937553477
