x y dy
0.0 0.2867574419406055 0.04536847610126392
0.0033444816053511705 0.2966429171249603 0.05267068360237419
0.006688963210702341 0.30270572738442475 0.058768277291682845
0.010033444816053512 0.3137023329815607 0.058357586050299205
0.013377926421404682 0.2989327646430523 0.05408912985199701
0.016722408026755852 0.2962541269191883 0.043769533136874185
0.020066889632107024 0.2987149942193849 0.06905499653668419
0.023411371237458192 0.3023014980656735 0.06683288347710914
0.026755852842809364 0.30213574671131244 0.06062147824312818
0.030100334448160536 0.28595181821165694 0.06581676290649545
0.033444816053511704 0.2861317387255522 0.06387044842390072
0.03678929765886287 0.30311043616686295 0.05120189071947147
0.04013377926421405 0.3108233762855286 0.058249139084543204
0.043478260869565216 0.3150581068728101 0.06261851088782333
0.046822742474916385 0.2913415785726088 0.05998272868820526
0.05016722408026756 0.30826995137148094 0.05877438986268532
0.05351170568561873 0.2990529377792262 0.056604473864884375
0.056856187290969896 0.3074786765155479 0.06017708867786621
0.06020066889632107 0.2880982581727626 0.06188714083353681
0.06354515050167224 0.2945696768989917 0.06264701259490521
0.06688963210702341 0.3031742182982388 0.05909842581488853
0.07023411371237458 0.30262007025760396 0.05548846225281952
0.07357859531772575 0.2910726902578672 0.06329168957263376
0.07692307692307693 0.2876396640790745 0.06286997770539877
0.0802675585284281 0.30205757165310543 0.06098025057318034
0.08361204013377926 0.3166812898595005 0.05942408554549213
0.08695652173913043 0.31331716111297625 0.06160709299417476
0.0903010033444816 0.31175699621100933 0.056024747069490226
0.09364548494983277 0.2973007964921534 0.07234628372757725
0.09698996655518395 0.2954442512823524 0.05704253761648615
0.10033444816053512 0.29777406780599774 0.07396873528174627
0.10367892976588629 0.29206249623276404 0.053540117294137234
0.10702341137123746 0.3001902516143948 0.06371904341189148
0.11036789297658862 0.3096990171378852 0.05356156050869982
0.11371237458193979 0.3185270239667674 0.05477963761576284
0.11705685618729096 0.29942628645907776 0.047999084230281326
0.12040133779264214 0.293349023890774 0.05061159148870408
0.12374581939799331 0.294856592223043 0.05147751668707962
0.12709030100334448 0.29664377479940046 0.056559711578535767
0.13043478260869565 0.29694347827802675 0.058249240440856026
0.13377926421404682 0.303140397994922 0.06163443086951438
0.13712374581939799 0.29794547149186096 0.05338695104096836
0.14046822742474915 0.3107350271220045 0.068611720507146
0.14381270903010032 0.3197975355706058 0.05751053552633893
0.1471571906354515 0.33136309052254326 0.0555741024036417
0.1505016722408027 0.3554665539647086 0.05427108588905329
0.15384615384615385 0.39666379711393446 0.07028175443154226
0.15719063545150502 0.44858498245302336 0.0472255059726893
0.1605351170568562 0.4934809322964343 0.062380743628299616
0.16387959866220736 0.5690141514629982 0.05830322647145164
0.16722408026755853 0.6613853222324378 0.05963241719239291
0.1705685618729097 0.7679937557059834 0.05942534896816612
0.17391304347826086 0.888008527043085 0.055936707862985116
0.17725752508361203 1.0139526714698512 0.05395858856826449
0.1806020066889632 1.0448318288412768 0.056235238109032366
0.18394648829431437 1.054493981863238 0.07313780738490766
0.18729096989966554 0.9680052624387792 0.06959657573773646
0.1906354515050167 0.8602177202529492 0.057681572945223046
0.1939799331103679 0.712812772995303 0.0580098282936867
0.19732441471571907 0.5673821342554817 0.04616487888335136
0.20066889632107024 0.4575714236632276 0.05977810760381171
0.2040133779264214 0.3958287935539068 0.061886831441261954
0.20735785953177258 0.3426762962345862 0.050326413044978875
0.21070234113712374 0.3128659619789626 0.059565607657289535
0.2140468227424749 0.31042590691509664 0.06937076455570662
0.21739130434782608 0.3229073623627412 0.05983083851926703
0.22073578595317725 0.3051724947073018 0.056951912598521136
0.22408026755852842 0.2940703578466441 0.0635812934514116
0.22742474916387959 0.2984554762529939 0.05813484485014886
0.23076923076923075 0.3127303189834359 0.05570479362283069
0.23411371237458192 0.3105801650950828 0.049694624832713696
0.23745819397993312 0.2964603627973539 0.05662172733013259
0.2408026755852843 0.30878503860552914 0.05946095518336121
0.24414715719063546 0.31430113131747617 0.057146666858008024
0.24749163879598662 0.2977070083170457 0.05949264458633069
0.2508361204013378 0.30756453322795363 0.06217344390394692
0.25418060200668896 0.3063902688666054 0.06153601496729243
0.25752508361204013 0.29204195022791024 0.0515094218803332
0.2608695652173913 0.31980682517775955 0.06690821591430582
0.26421404682274247 0.32036634431849703 0.06377583670136708
0.26755852842809363 0.3056847057572444 0.05026125113976873
0.2709030100334448 0.2827707994260971 0.06955504082470555
0.27424749163879597 0.31425015961716124 0.054345189715183546
0.27759197324414714 0.32799032139998935 0.0636180367312477
0.2809364548494983 0.2941482532667908 0.046784240431417524
0.2842809364548495 0.3047367092323704 0.06253785033420052
0.28762541806020064 0.30690462578961847 0.06752407142442103
0.2909698996655518 0.3105481427881046 0.07086477565615966
0.294314381270903 0.3153604757699184 0.0542336481435372
0.29765886287625415 0.31054518253072566 0.059966737876808965
0.3010033444816054 0.3116974309312963 0.06816729787448933
0.30434782608695654 0.3111905340320454 0.05225379532114444
0.3076923076923077 0.30684284769426107 0.06805841077463894
0.3110367892976589 0.3144172397611121 0.0685610743991386
0.31438127090301005 0.31317111028781575 0.07256584826652827
0.3177257525083612 0.30480897024076203 0.06751850289056137
0.3210702341137124 0.3035714444894399 0.06122044992263524
0.32441471571906355 0.29907044035792607 0.06326282723456683
0.3277591973244147 0.31029417219466443 0.06641916906950475
0.3311036789297659 0.30898503420441714 0.06279221447420631
0.33444816053511706 0.31346480141985245 0.06443898267900416
0.3377926421404682 0.31270936714996334 0.06461639799640236
0.3411371237458194 0.3022905826321189 0.06623979573970695
0.34448160535117056 0.30839512170661815 0.05647865181452322
0.34782608695652173 0.3152249116352117 0.05908587405355152
0.3511705685618729 0.29298592905657617 0.07275290534463805
0.35451505016722407 0.31916662793405925 0.04738805315512397
0.35785953177257523 0.33350912087205825 0.048969831613631484
0.3612040133779264 0.31428629423467164 0.06970534984888857
0.36454849498327757 0.34690470252673167 0.06419790907411953
0.36789297658862874 0.4351756843159446 0.054892077242016245
0.3712374581939799 0.4713667611327372 0.04969729880980596
0.3745819397993311 0.5523220525424377 0.0619701206663318
0.37792642140468224 0.617438319421664 0.06457332717233245
0.3812709030100334 0.6593310255257429 0.06035805784745012
0.3846153846153846 0.6579061705777766 0.0520474322702335
0.3879598662207358 0.6337659946186787 0.06722600091310045
0.391304347826087 0.5500195069736104 0.05996949763452699
0.39464882943143814 0.49437477230293275 0.05634367583166173
0.3979933110367893 0.4315313315499496 0.06544665025587476
0.4013377926421405 0.36825726200822645 0.061509640495523224
0.40468227424749165 0.36548538458623736 0.05750391266041387
0.4080267558528428 0.3337796826782777 0.055987327376159156
0.411371237458194 0.31481698526474466 0.05682036520256691
0.41471571906354515 0.30103569706109423 0.05636181835256048
0.4180602006688963 0.31115484893066503 0.06232100172467709
0.4214046822742475 0.30667347845417753 0.056672024444338234
0.42474916387959866 0.31021982348217386 0.057501548515544496
0.4280936454849498 0.3105140381128129 0.057656126724112175
0.431438127090301 0.2969163276406039 0.06138631269884819
0.43478260869565216 0.32122170858473525 0.0543613441179971
0.43812709030100333 0.31219245147519165 0.07024833041718641
0.4414715719063545 0.3067680392477963 0.06753802220055213
0.44481605351170567 0.3090551459029063 0.06200758248779886
0.44816053511705684 0.3164666354604551 0.060924662945817505
0.451505016722408 0.31387028500521447 0.06187786220318868
0.45484949832775917 0.3165405954189505 0.06500711121478574
0.45819397993311034 0.3051057103056151 0.05248083746971343
0.4615384615384615 0.2875533896388599 0.05931807025937303
0.4648829431438127 0.29977691459998707 0.058846806014837966
0.46822742474916385 0.31811034680960587 0.05539244449857043
0.47157190635451507 0.3171360779935428 0.054815087159215146
0.47491638795986624 0.30710168187738984 0.06575993242340385
0.4782608695652174 0.305902134969354 0.060802338390030956
0.4816053511705686 0.31182703772919335 0.04749236921982267
0.48494983277591974 0.31443608475126483 0.044417062913442364
0.4882943143812709 0.31251776521820746 0.05564248706248529
0.4916387959866221 0.30137115091168576 0.05270950186652943
0.49498327759197325 0.3031803491380722 0.054236142442043174
0.4983277591973244 0.3103558905230706 0.058052392790169924
0.5016722408026756 0.3032648012111858 0.059175873865727126
0.5050167224080268 0.29735208800254187 0.05758843606255083
0.5083612040133779 0.3167593984256718 0.05035172840975975
0.5117056856187291 0.29695408224738873 0.056918948426399815
0.5150501672240803 0.31499647343639725 0.052910234705967715
0.5183946488294314 0.30643888534989716 0.060855847219935956
0.5217391304347826 0.330400955962369 0.05091353438537439
0.5250836120401338 0.29622008368925995 0.05576551971984327
0.5284280936454849 0.31184617281528104 0.06290128360989673
0.5317725752508361 0.30055610601369964 0.05740350540940095
0.5351170568561873 0.31775121630745784 0.056695367158443644
0.5384615384615384 0.3082847167845561 0.060370886363630485
0.5418060200668896 0.2952926643578764 0.06424952527646048
0.5451505016722408 0.3063739469322141 0.07176662503272392
0.5484949832775919 0.3061745309491717 0.04323511088691666
0.5518394648829431 0.3144002680368931 0.058894185684233706
0.5551839464882943 0.3109809238261002 0.06508009371332436
0.5585284280936454 0.30600318307196467 0.05523215474623608
0.5618729096989966 0.31539391768891456 0.049635889390003414
0.5652173913043478 0.30165721765750764 0.06629291184729748
0.568561872909699 0.31697089601843426 0.0615624232714086
0.5719063545150501 0.32137198881968004 0.06242064093301766
0.5752508361204013 0.3328309378385999 0.0488132432792485
0.5785953177257525 0.36196885413144875 0.06698406952978024
0.5819397993311036 0.37812231054727796 0.05199506004093167
0.5852842809364548 0.4318728335445574 0.052758399031328514
0.588628762541806 0.5160279020979517 0.05308385678904245
0.5919732441471571 0.5891875974267541 0.06403398863667592
0.5953177257525083 0.6551995405145403 0.059160486679712694
0.5986622073578595 0.6803002565170339 0.056220262667250234
0.6020066889632107 0.6838010322849091 0.06668770165333036
0.6053511705685619 0.6414004180201254 0.06394182392994507
0.6086956521739131 0.5678803941844554 0.07154200066459111
0.6120401337792643 0.48555177096670227 0.05653637077062568
0.6153846153846154 0.4233250971440555 0.0534093245632138
0.6187290969899666 0.36396225647886404 0.059747581853760376
0.6220735785953178 0.35096944879299863 0.06193839917518264
0.6254180602006689 0.3236343187730034 0.05766815659516263
0.6287625418060201 0.3246604525692488 0.06875336028098074
0.6321070234113713 0.33201329183256867 0.04843657414144976
0.6354515050167224 0.31373727467660795 0.06440151571132291
0.6387959866220736 0.3212091367094315 0.053672022260067884
0.6421404682274248 0.31444835465459126 0.05591487255655095
0.6454849498327759 0.3123706646059779 0.05494905419936816
0.6488294314381271 0.3129304512819606 0.04839470421332005
0.6521739130434783 0.30193220963285944 0.05276480592766526
0.6555183946488294 0.3326181064999648 0.06691998908895246
0.6588628762541806 0.31520539219781885 0.06431400455887955
0.6622073578595318 0.31218195538897114 0.06559777213722848
0.6655518394648829 0.3284682915489197 0.057502508244251314
0.6688963210702341 0.31234051001113344 0.055160531338757327
0.6722408026755853 0.3123806383523736 0.05751396826729329
0.6755852842809364 0.3150312045097857 0.05962229771993313
0.6789297658862876 0.31597568016841826 0.052104533370923134
0.6822742474916388 0.3249717022297615 0.06069288669996654
0.68561872909699 0.3002202606855212 0.06712712559888588
0.6889632107023411 0.31051405305688834 0.052448049616758
0.6923076923076923 0.30162059007225933 0.06402442189626656
0.6956521739130435 0.30866035162349936 0.054644900615824124
0.6989966555183946 0.3106705077612998 0.053786122222822336
0.7023411371237458 0.31336770024833377 0.058302680199548984
0.705685618729097 0.31171672599118844 0.05147737781784701
0.7090301003344481 0.3084567480786605 0.06690153597132745
0.7123745819397993 0.3269011765276347 0.0579630945271811
0.7157190635451505 0.3153441323494798 0.06259117953918072
0.7190635451505016 0.3164080420778966 0.04861515095846268
0.7224080267558528 0.3138615768978878 0.054954741874364485
0.725752508361204 0.3009934520761846 0.05704241278701795
0.7290969899665551 0.3165490689091219 0.058994513297493265
0.7324414715719063 0.3226856269007941 0.073294834666555
0.7357859531772575 0.3196052258754259 0.0591983088629793
0.7391304347826086 0.3013935168792736 0.04781174352821029
0.7424749163879598 0.31369393444826643 0.05909652107032332
0.745819397993311 0.3115874553894734 0.07859114973387904
0.7491638795986622 0.32474065076752384 0.05322830397959549
0.7525083612040133 0.31634862491098387 0.061014957935238666
0.7558528428093645 0.3197159301496909 0.06525763149435748
0.7591973244147157 0.30704766344885015 0.0538393242786756
0.7625418060200668 0.3051958298702514 0.05660870406842316
0.765886287625418 0.3127522144272976 0.06040434983314322
0.7692307692307692 0.3129114621150735 0.05756903422805533
0.7725752508361204 0.3209097531436451 0.05907296541637543
0.7759197324414716 0.3092745305559045 0.06090888369562681
0.7792642140468228 0.31006234664896315 0.051628457781996394
0.782608695652174 0.2969512289167605 0.07071787901051675
0.7859531772575251 0.3175382287409136 0.06179466160934804
0.7892976588628763 0.3047438162034375 0.06964400615193912
0.7926421404682275 0.32017888392980537 0.05776387563463479
0.7959866220735786 0.32423016729470305 0.07352545237814821
0.7993311036789298 0.3167878636626652 0.05874277360455152
0.802675585284281 0.3170602066507764 0.05132930556517017
0.8060200668896321 0.33331349171414204 0.06399277367675725
0.8093645484949833 0.36596787332784414 0.06325163515771226
0.8127090301003345 0.4139215488569811 0.057565714955276216
0.8160535117056856 0.507958215649668 0.0567942273254828
0.8193979933110368 0.6533359530324269 0.056401575527033315
0.822742474916388 0.8289641582579869 0.05093333103580747
0.8260869565217391 1.0037138047035048 0.06352001938183932
0.8294314381270903 1.1328805165190057 0.06036633476671807
0.8327759197324415 1.2048219188834746 0.051524010867849454
0.8361204013377926 1.1708203364939047 0.05581260378466676
0.8394648829431438 1.0527980432249662 0.06586123622874822
0.842809364548495 0.8830366053780577 0.0604583458857323
0.8461538461538461 0.698608163587662 0.05997381515746621
0.8494983277591973 0.548192464123021 0.05575461539479467
0.8528428093645485 0.44839233613206453 0.06675408077997728
0.8561872909698997 0.388289493757588 0.061117119755066736
0.8595317725752508 0.3503287396046295 0.0695926730791041
0.862876254180602 0.3153994942912014 0.062039387183813355
0.8662207357859532 0.32746793548362907 0.07560310025859018
0.8695652173913043 0.3379407835205586 0.05635600683036775
0.8729096989966555 0.3260692466654767 0.0556181243856215
0.8762541806020067 0.3253583603665149 0.06238007328395993
0.8795986622073578 0.3268549930459279 0.056486524122689855
0.882943143812709 0.31077684199798694 0.05550389263340143
0.8862876254180602 0.3180895050486973 0.056311104378705984
0.8896321070234113 0.3143039848285081 0.0642245416891114
0.8929765886287625 0.32057007694442674 0.05317735719877596
0.8963210702341137 0.32748840710925753 0.060437899048648845
0.8996655518394648 0.33040480111064935 0.05662510471440085
0.903010033444816 0.327933375604285 0.0657583179732533
0.9063545150501672 0.3129424874891333 0.05585779438729869
0.9096989966555183 0.30512394104209106 0.06449188188649409
0.9130434782608695 0.3244583962222565 0.06340978486509206
0.9163879598662207 0.326426686258154 0.06761537463531228
0.9197324414715718 0.32179422325353974 0.055788759168521065
0.923076923076923 0.32093919640859114 0.06529518187221048
0.9264214046822742 0.3171392487445775 0.05826153823293597
0.9297658862876254 0.3155478395923751 0.06831107957017311
0.9331103678929765 0.3230308364131052 0.06366153699998417
0.9364548494983277 0.31365226741065066 0.04965914449635721
0.9397993311036789 0.3283004404707902 0.06791909139571171
0.9431438127090301 0.3204544463745318 0.06697550216507739
0.9464882943143813 0.30525546598763 0.06240126173674956
0.9498327759197325 0.31169102908925284 0.06090394827966396
0.9531772575250836 0.3169471674640639 0.05524361919532078
0.9565217391304348 0.32772294260671303 0.05055891573099977
0.959866220735786 0.3388081776344933 0.06608966916500215
0.9632107023411371 0.32427171917259173 0.06631195932298309
0.9665551839464883 0.320871990603174 0.053382205021776034
0.9698996655518395 0.31617829198988107 0.06132340555720009
0.9732441471571907 0.320370758953896 0.07290855976277043
0.9765886287625418 0.33795180210092945 0.04999994011164593
0.979933110367893 0.3214142884588844 0.0623869098830362
0.9832775919732442 0.31952788464959353 0.056798107330091274
0.9866220735785953 0.30858924344796157 0.0499097334421319
0.9899665551839465 0.31662043035779464 0.059460193356952955
0.9933110367892977 0.31937342102824184 0.05098879876729143
0.9966555183946488 0.3216363027631351 0.05146900410331026
1.0 0.32628544519802594 0.05063681401259055
